./test
1    3    4    5    5    5    4    2    0    -3    
1    3    4    5    6    6    6    4    2    0    
1    3    4    6    7    7    7    6    5    2    
1    2    4    6    7    8    9    8    7    5    
1    2    4    6    8    9    10    10    10    8    
0    2    3    5    7    9    10    11    11    11    
0    1    3    5    7    9    11    12    13    13    
0    1    2    4    6    8    10    12    14    14    
0    0    1    3    5    7    10    12    14    15    
0    0    0    2    4    6    9    11    14    16    


1    2    3    3    2    1    0    -2    -5    -9    
1    2    3    4    4    3    1    0    -3    -6    
1    3    4    5    5    5    4    2    0    -3    
1    3    4    5    6    6    6    4    2    0    
1    3    4    6    7    7    7    6    5    2    
1    2    4    6    7    8    9    8    7    5    
1    2    4    6    8    9    10    10    10    8    
0    2    3    5    7    9    10    11    11    11    
0    1    3    5    7    9    11    12    13    13    
0    1    2    4    6    8    10    12    14    14    


1    1    1    1    0    -2    -4    -7    -10    -13    
1    2    2    2    1    0    -2    -5    -8    -11    
1    2    3    3    2    1    0    -2    -5    -9    
1    2    3    4    4    3    1    0    -3    -6    
1    3    4    5    5    5    4    2    0    -3    
1    3    4    5    6    6    6    4    2    0    
1    3    4    6    7    7    7    6    5    2    
1    2    4    6    7    8    9    8    7    5    
1    2    4    6    8    9    10    10    10    8    
0    2    3    5    7    9    10    11    11    11    


0    0    0    -1    -3    -5    -8    -10    -13    -15    
0    1    0    0    -1    -3    -6    -9    -12    -15    
1    1    1    1    0    -2    -4    -7    -10    -13    
1    2    2    2    1    0    -2    -5    -8    -11    
1    2    3    3    2    1    0    -2    -5    -9    
1    2    3    4    4    3    1    0    -3    -6    
1    3    4    5    5    5    4    2    0    -3    
1    3    4    5    6    6    6    4    2    0    
1    3    4    6    7    7    7    6    5    2    
1    2    4    6    7    8    9    8    7    5    


0    0    -1    -3    -5    -8    -10    -12    -14    -15    
0    0    -1    -2    -4    -7    -9    -12    -14    -15    
0    0    0    -1    -3    -5    -8    -10    -13    -15    
0    1    0    0    -1    -3    -6    -9    -12    -15    
1    1    1    1    0    -2    -4    -7    -10    -13    
1    2    2    2    1    0    -2    -5    -8    -11    
1    2    3    3    2    1    0    -2    -5    -9    
1    2    3    4    4    3    1    0    -3    -6    
1    3    4    5    5    5    4    2    0    -3    
1    3    4    5    6    6    6    4    2    0    


0    -1    -3    -5    -7    -9    -11    -12    -12    -12    
0    -1    -2    -4    -6    -9    -11    -12    -13    -14    
0    0    -1    -3    -5    -8    -10    -12    -14    -15    
0    0    -1    -2    -4    -7    -9    -12    -14    -15    
0    0    0    -1    -3    -5    -8    -10    -13    -15    
0    1    0    0    -1    -3    -6    -9    -12    -15    
1    1    1    1    0    -2    -4    -7    -10    -13    
1    2    2    2    1    0    -2    -5    -8    -11    
1    2    3    3    2    1    0    -2    -5    -9    
1    2    3    4    4    3    1    0    -3    -6    


-1    -2    -4    -6    -7    -9    -10    -10    -9    -7    
0    -2    -4    -6    -7    -9    -10    -11    -11    -10    
0    -1    -3    -5    -7    -9    -11    -12    -12    -12    
0    -1    -2    -4    -6    -9    -11    -12    -13    -14    
0    0    -1    -3    -5    -8    -10    -12    -14    -15    
0    0    -1    -2    -4    -7    -9    -12    -14    -15    
0    0    0    -1    -3    -5    -8    -10    -13    -15    
0    1    0    0    -1    -3    -6    -9    -12    -15    
1    1    1    1    0    -2    -4    -7    -10    -13    
1    2    2    2    1    0    -2    -5    -8    -11    


-1    -3    -4    -6    -7    -7    -7    -6    -4    -1    
-1    -3    -4    -6    -7    -8    -8    -8    -7    -4    
-1    -2    -4    -6    -7    -9    -10    -10    -9    -7    
0    -2    -4    -6    -7    -9    -10    -11    -11    -10    
0    -1    -3    -5    -7    -9    -11    -12    -12    -12    
0    -1    -2    -4    -6    -9    -11    -12    -13    -14    
0    0    -1    -3    -5    -8    -10    -12    -14    -15    
0    0    -1    -2    -4    -7    -9    -12    -14    -15    
0    0    0    -1    -3    -5    -8    -10    -13    -15    
0    1    0    0    -1    -3    -6    -9    -12    -15    


-1    -3    -4    -5    -5    -4    -3    -1    1    4    
-1    -3    -4    -5    -6    -6    -5    -3    -1    1    
-1    -3    -4    -6    -7    -7    -7    -6    -4    -1    
-1    -3    -4    -6    -7    -8    -8    -8    -7    -4    
-1    -2    -4    -6    -7    -9    -10    -10    -9    -7    
0    -2    -4    -6    -7    -9    -10    -11    -11    -10    
0    -1    -3    -5    -7    -9    -11    -12    -12    -12    
0    -1    -2    -4    -6    -9    -11    -12    -13    -14    
0    0    -1    -3    -5    -8    -10    -12    -14    -15    
0    0    -1    -2    -4    -7    -9    -12    -14    -15    


-1    -2    -3    -3    -2    -1    0    3    6    10    
-1    -2    -3    -4    -3    -2    -1    1    4    7    
-1    -3    -4    -5    -5    -4    -3    -1    1    4    
-1    -3    -4    -5    -6    -6    -5    -3    -1    1    
-1    -3    -4    -6    -7    -7    -7    -6    -4    -1    
-1    -3    -4    -6    -7    -8    -8    -8    -7    -4    
-1    -2    -4    -6    -7    -9    -10    -10    -9    -7    
0    -2    -4    -6    -7    -9    -10    -11    -11    -10    
0    -1    -3    -5    -7    -9    -11    -12    -12    -12    
0    -1    -2    -4    -6    -9    -11    -12    -13    -14    


